{
  "camera_angle_x": 0.899878398726347,
  "camera_angle_y": 0.686678152993103,
  "fl_x": 517.619691663278,
  "fl_y": 524.4781224318627,
  "k1": 0.01848553117380134,
  "k2": -0.05119672720747151,
  "p1": 0.008722940155426571,
  "p2": 0.002494153271402956,
  "cx": 256.6903945995971,
  "cy": 209.86849722714777,
  "w": 500.0,
  "h": 375.0,
  "frames": [
    {
      "file_path": "Low_light_enhance/enh_SCI_fake/10.JPG",
      "sharpness": 111.85571690299736,
      "transform_matrix": [
        [
          -0.012933093037852858,
          0.005613258158999442,
          0.9999006082907737,
          4.09705934247672
        ],
        [
          0.9998805740231692,
          -0.008388044705425087,
          0.01297992284863463,
          -0.09569209316458062
        ],
        [
          0.00846007066115804,
          0.9999490647337208,
          -0.005504104427579803,
          0.010938270314864749
        ],
        [
          0.0,
          0.0,
          0.0,
          1.0
        ]
      ]
    },
    {
      "file_path": "Low_light_enhance/enh_SCI_fake/11.JPG",
      "sharpness": 132.44874552888894,
      "transform_matrix": [
        [
          -0.016860838201596923,
          0.10391447360028334,
          0.994443308758453,
          4.09617132262508
        ],
        [
          0.9998377261601689,
          -0.004557235575847237,
          0.017428509712803086,
          -0.0981185498007416
        ],
        [
          0.006342986837280619,
          0.9945757959066089,
          -0.10382077218794733,
          0.01074543216607755
        ],
        [
          0.0,
          0.0,
          0.0,
          1.0
        ]
      ]
    },
    {
      "file_path": "Low_light_enhance/enh_SCI_fake/12.JPG",
      "sharpness": 108.94109216756623,
      "transform_matrix": [
        [
          0.05352342155283921,
          -0.016025142280294703,
          0.9984379991682598,
          3.968866310523099
        ],
        [
          0.9985431098134038,
          0.007716323277974689,
          -0.053405207604560176,
          -0.06317068724621976
        ],
        [
          -0.006848444324224771,
          0.9998418140850825,
          0.01641479943141269,
          0.046651797010154296
        ],
        [
          0.0,
          0.0,
          0.0,
          1.0
        ]
      ]
    },
    {
      "file_path": "Low_light_enhance/enh_SCI_fake/13.JPG",
      "sharpness": 121.2876317944889,
      "transform_matrix": [
        [
          0.05399350443739057,
          0.08227329202117192,
          0.995146123401741,
          3.966920427001872
        ],
        [
          0.9985037642400149,
          0.004191082835270448,
          -0.05452217551811618,
          -0.06713146358496
        ],
        [
          -0.008656458704406522,
          0.9966009935112703,
          -0.08192390052989455,
          0.050457835874026115
        ],
        [
          0.0,
          0.0,
          0.0,
          1.0
        ]
      ]
    },
    {
      "file_path": "Low_light_enhance/enh_SCI_fake/14.JPG",
      "sharpness": 103.84495936000002,
      "transform_matrix": [
        [
          0.029934152212803215,
          -0.059543392201557264,
          0.997776794177624,
          3.9689612100924783
        ],
        [
          0.9995513513372855,
          0.002802886574680392,
          -0.02982012519583721,
          -0.0591302463808779
        ],
        [
          -0.001021063770892824,
          0.9982217831198458,
          0.059600580171634186,
          0.04876818742943155
        ],
        [
          0.0,
          0.0,
          0.0,
          1.0
        ]
      ]
    },
    {
      "file_path": "Low_light_enhance/enh_SCI_fake/15.JPG",
      "sharpness": 112.10037403124625,
      "transform_matrix": [
        [
          -0.020197985645741632,
          -0.059554222565576534,
          0.9980207091906502,
          3.989963097800095
        ],
        [
          0.9997119549247702,
          -0.014145995946679011,
          0.019388088590938376,
          -0.05073560323598779
        ],
        [
          0.0129633543638468,
          0.9981248345754488,
          0.05982278888813309,
          0.04267775842827452
        ],
        [
          0.0,
          0.0,
          0.0,
          1.0
        ]
      ]
    },
    {
      "file_path": "Low_light_enhance/enh_SCI_fake/16.JPG",
      "sharpness": 131.71513595892625,
      "transform_matrix": [
        [
          -0.017916174946462624,
          0.08366030845023598,
          0.996333259250259,
          3.9875843668619697
        ],
        [
          0.9997839498034251,
          -0.00900440787393963,
          0.01873430955068981,
          -0.05189718597517406
        ],
        [
          0.01053870916027388,
          0.9964536484211556,
          -0.08348090907739104,
          0.043747860017934424
        ],
        [
          0.0,
          0.0,
          0.0,
          1.0
        ]
      ]
    },
    {
      "file_path": "Low_light_enhance/enh_SCI_fake/18.JPG",
      "sharpness": 126.6960578349227,
      "transform_matrix": [
        [
          0.03196675596626317,
          -0.0797066772838205,
          0.9963056619995244,
          3.6548034299333634
        ],
        [
          0.9994821792692793,
          0.00621363260755728,
          -0.03157157096170475,
          -0.05308762826195545
        ],
        [
          -0.003674212330506343,
          0.9967989949780113,
          0.07986403319117583,
          0.12630294004313047
        ],
        [
          0.0,
          0.0,
          0.0,
          1.0
        ]
      ]
    },
    {
      "file_path": "Low_light_enhance/enh_SCI_fake/19.JPG",
      "sharpness": 148.23325133582222,
      "transform_matrix": [
        [
          0.03484567211319452,
          0.039979693065070675,
          0.9985927114195994,
          3.596825959096215
        ],
        [
          0.999368198536325,
          0.0056034931831848685,
          -0.03509707421490177,
          -0.08543692704814607
        ],
        [
          -0.0069987777058116134,
          0.9991847802231338,
          -0.03975917635032506,
          0.135694506869687
        ],
        [
          0.0,
          0.0,
          0.0,
          1.0
        ]
      ]
    },
    {
      "file_path": "Low_light_enhance/enh_SCI_fake/2.JPG",
      "sharpness": 100.45445539555556,
      "transform_matrix": [
        [
          0.05783033034815564,
          0.010461960649316397,
          0.9982716064749813,
          4.273813855437384
        ],
        [
          0.9982199567576189,
          0.013997479842009107,
          -0.05797403288481587,
          -0.05934146955010595
        ],
        [
          -0.014579808739206716,
          0.9998472973211582,
          -0.009633859023655458,
          -0.03611242808185088
        ],
        [
          0.0,
          0.0,
          0.0,
          1.0
        ]
      ]
    },
    {
      "file_path": "Low_light_enhance/enh_SCI_fake/20.JPG",
      "sharpness": 129.68900668515556,
      "transform_matrix": [
        [
          0.031101174648138993,
          -0.139506308064786,
          0.9897326441865922,
          3.595502002334901
        ],
        [
          0.9995019274426662,
          0.00964025481286433,
          -0.030049334860818757,
          -0.07678766147012075
        ],
        [
          -0.005349203120333435,
          0.9901742551289924,
          0.13973664704975144,
          0.1356238592390561
        ],
        [
          0.0,
          0.0,
          0.0,
          1.0
        ]
      ]
    },
    {
      "file_path": "Low_light_enhance/enh_SCI_fake/21.JPG",
      "sharpness": 146.40726196391822,
      "transform_matrix": [
        [
          -0.017902375243844467,
          0.03550595796469089,
          0.9992091032074231,
          3.8319453497939246
        ],
        [
          0.9998117037207068,
          -0.006848212148637436,
          0.018156516557541004,
          0.012175755638412297
        ],
        [
          0.007487460433291457,
          0.9993460006235875,
          -0.035376673061279125,
          0.08588471240477544
        ],
        [
          0.0,
          0.0,
          0.0,
          1.0
        ]
      ]
    },
    {
      "file_path": "Low_light_enhance/enh_SCI_fake/22.JPG",
      "sharpness": 131.4459467894329,
      "transform_matrix": [
        [
          0.04300088936551265,
          0.03576973127348743,
          0.9984344995348178,
          3.8224115698700993
        ],
        [
          0.9990257997831062,
          0.008381750657246893,
          -0.04332663873051173,
          -0.02295064112810991
        ],
        [
          -0.009918411247067802,
          0.999324908427447,
          -0.03537446166082106,
          0.08577839854321868
        ],
        [
          0.0,
          0.0,
          0.0,
          1.0
        ]
      ]
    },
    {
      "file_path": "Low_light_enhance/enh_SCI_fake/23.JPG",
      "sharpness": 109.01730663182225,
      "transform_matrix": [
        [
          -0.034368240755174376,
          -0.12337198041953601,
          0.9917651831445286,
          4.223703011227057
        ],
        [
          0.9993116467721019,
          -0.018109808862847635,
          0.03237695860670089,
          -0.0629597961126432
        ],
        [
          0.013966268400304472,
          0.9921952374877097,
          0.12390945918961058,
          -0.019534304567823475
        ],
        [
          0.0,
          0.0,
          0.0,
          1.0
        ]
      ]
    },
    {
      "file_path": "Low_light_enhance/enh_SCI_fake/25.JPG",
      "sharpness": 105.83582553315556,
      "transform_matrix": [
        [
          -0.06005221282827144,
          0.019887377249623396,
          0.9979971061999647,
          4.143346583829958
        ],
        [
          0.9979608128380452,
          -0.020470751117861088,
          0.060457955542160255,
          0.16102594027628364
        ],
        [
          0.02163210054697299,
          0.999592637326714,
          -0.018617509262366723,
          0.023394196968496313
        ],
        [
          0.0,
          0.0,
          0.0,
          1.0
        ]
      ]
    },
    {
      "file_path": "Low_light_enhance/enh_SCI_fake/26.JPG",
      "sharpness": 112.6239804664889,
      "transform_matrix": [
        [
          -0.15518889125623533,
          0.023681130783496616,
          0.9876009376759521,
          4.248346213424079
        ],
        [
          0.9867826234569316,
          -0.04349516550761873,
          0.1561032498731527,
          0.4953960398068081
        ],
        [
          0.04665256771567,
          0.9987729344777114,
          -0.016618161850831783,
          -0.007133412038266477
        ],
        [
          0.0,
          0.0,
          0.0,
          1.0
        ]
      ]
    },
    {
      "file_path": "Low_light_enhance/enh_SCI_fake/27.JPG",
      "sharpness": 130.2756202489173,
      "transform_matrix": [
        [
          0.11856367834432759,
          0.02049774713560994,
          0.9927348571309319,
          4.004735982377367
        ],
        [
          0.9925102065201455,
          0.027186596650686606,
          -0.11909819022945174,
          -0.434406204490045
        ],
        [
          -0.02943032672952772,
          0.9994201975885245,
          -0.01712088034219302,
          0.04045733241071503
        ],
        [
          0.0,
          0.0,
          0.0,
          1.0
        ]
      ]
    },
    {
      "file_path": "Low_light_enhance/enh_SCI_fake/28.JPG",
      "sharpness": 124.39077868987734,
      "transform_matrix": [
        [
          0.16546562797361583,
          0.022122761251404662,
          0.9859673977454096,
          4.011275205306834
        ],
        [
          0.9853289777058702,
          0.038673580295043315,
          -0.16622623102358772,
          -0.6890623847451746
        ],
        [
          -0.041808272547657684,
          0.9990069757738069,
          -0.015399049478370263,
          0.03848418357292275
        ],
        [
          0.0,
          0.0,
          0.0,
          1.0
        ]
      ]
    },
    {
      "file_path": "Low_light_enhance/enh_SCI_fake/29.JPG",
      "sharpness": 126.6744308224,
      "transform_matrix": [
        [
          0.2932346157057179,
          0.016355534971743052,
          0.9559005997752342,
          3.9495902221913712
        ],
        [
          0.9527822731356599,
          0.07747785528151309,
          -0.2936036817539263,
          -1.3678894502361685
        ],
        [
          -0.07886317361765602,
          0.996859909134485,
          0.00713592533045057,
          0.05532624459307487
        ],
        [
          0.0,
          0.0,
          0.0,
          1.0
        ]
      ]
    },
    {
      "file_path": "Low_light_enhance/enh_SCI_fake/3.JPG",
      "sharpness": 116.00039466109155,
      "transform_matrix": [
        [
          -0.03785487385073337,
          0.06565182206615015,
          0.9971242885458583,
          4.275868442914737
        ],
        [
          0.9992126284332677,
          -0.00937587437107228,
          0.03855147415207136,
          -0.05944221100945959
        ],
        [
          0.011879886583170376,
          0.9977985424233455,
          -0.06524520714659388,
          -0.03550303660630405
        ],
        [
          0.0,
          0.0,
          0.0,
          1.0
        ]
      ]
    },
    {
      "file_path": "Low_light_enhance/enh_SCI_fake/30.JPG",
      "sharpness": 131.93929599271823,
      "transform_matrix": [
        [
          0.3032111724711095,
          0.019580770506110016,
          0.9527221936839861,
          3.910888973975392
        ],
        [
          0.9495161923640778,
          0.07826221903674783,
          -0.30379931782330766,
          -1.5340476659122166
        ],
        [
          -0.08051077772547799,
          0.9967404970806982,
          0.005137720539806645,
          0.060929244539876276
        ],
        [
          0.0,
          0.0,
          0.0,
          1.0
        ]
      ]
    },
    {
      "file_path": "Low_light_enhance/enh_SCI_fake/32.JPG",
      "sharpness": 126.87976895928891,
      "transform_matrix": [
        [
          0.40160922318499376,
          0.013267846836341815,
          0.9157150190512425,
          3.6442882295220964
        ],
        [
          0.9099055005809028,
          0.10758925830783837,
          -0.40062018360215595,
          -1.7143956101627236
        ],
        [
          -0.10383646695665184,
          0.9941068935279636,
          0.03113635163480822,
          0.12252316223219133
        ],
        [
          0.0,
          0.0,
          0.0,
          1.0
        ]
      ]
    },
    {
      "file_path": "Low_light_enhance/enh_SCI_fake/33.JPG",
      "sharpness": 134.96107672701154,
      "transform_matrix": [
        [
          0.39202238476406115,
          0.012815301146646228,
          0.9198664130858153,
          3.628549168218055
        ],
        [
          0.9142566275140617,
          0.10569916379188811,
          -0.39110421350370206,
          -1.8890112131567751
        ],
        [
          -0.10224122893918637,
          0.9943155710602881,
          0.029719964250353205,
          0.12365668586858401
        ],
        [
          0.0,
          0.0,
          0.0,
          1.0
        ]
      ]
    },
    {
      "file_path": "Low_light_enhance/enh_SCI_fake/34.JPG",
      "sharpness": 135.8788420008107,
      "transform_matrix": [
        [
          0.39154377576687593,
          -0.09010945464773466,
          0.9157367295594572,
          3.6291299556434358
        ],
        [
          0.9143990380806266,
          0.14928603764813708,
          -0.3762819130925418,
          -1.8905782386616623
        ],
        [
          -0.10280014990221988,
          0.9846796256493042,
          0.14084801750188594,
          0.12172079599315233
        ],
        [
          0.0,
          0.0,
          0.0,
          1.0
        ]
      ]
    },
    {
      "file_path": "Low_light_enhance/enh_SCI_fake/35.JPG",
      "sharpness": 132.99537041533154,
      "transform_matrix": [
        [
          0.43015676302582495,
          0.05015365251558197,
          0.901359956058308,
          3.609527562399934
        ],
        [
          0.895788463615399,
          0.10008156338844298,
          -0.4330666335834793,
          -1.9803401280550001
        ],
        [
          -0.11192938703489246,
          0.9937143914786759,
          -0.0018763019858972863,
          0.12401065042699223
        ],
        [
          0.0,
          0.0,
          0.0,
          1.0
        ]
      ]
    },
    {
      "file_path": "Low_light_enhance/enh_SCI_fake/36.JPG",
      "sharpness": 120.52305545042486,
      "transform_matrix": [
        [
          -0.17169928769270992,
          -0.0527336691772335,
          0.9837370150420623,
          3.667730049093403
        ],
        [
          0.983804831948983,
          -0.0613319862130921,
          0.16842339534942824,
          0.5940437982365461
        ],
        [
          0.05145296143180498,
          0.9967234057777349,
          0.06241029688852848,
          0.12371315926623781
        ],
        [
          0.0,
          0.0,
          0.0,
          1.0
        ]
      ]
    },
    {
      "file_path": "Low_light_enhance/enh_SCI_fake/37.JPG",
      "sharpness": 124.47227446417068,
      "transform_matrix": [
        [
          -0.19917458829070975,
          -0.05405998740292574,
          0.9784717681998628,
          3.780325300928194
        ],
        [
          0.9781104767793161,
          -0.07234918286495065,
          0.19510379533302782,
          0.8648788162432123
        ],
        [
          0.060244324167716995,
          0.9959132058184794,
          0.06728675876365528,
          0.10956738264220262
        ],
        [
          0.0,
          0.0,
          0.0,
          1.0
        ]
      ]
    },
    {
      "file_path": "Low_light_enhance/enh_SCI_fake/38.JPG",
      "sharpness": 131.8849412828729,
      "transform_matrix": [
        [
          -0.20081306092998238,
          0.03329699545905073,
          0.9790635447591108,
          3.7783949613894765
        ],
        [
          0.9779184035031901,
          -0.05223244835465089,
          0.20235455870498686,
          0.8673254402835756
        ],
        [
          0.05787668485986987,
          0.9980796969456882,
          -0.022072786806803243,
          0.10513674728768041
        ],
        [
          0.0,
          0.0,
          0.0,
          1.0
        ]
      ]
    },
    {
      "file_path": "Low_light_enhance/enh_SCI_fake/39.JPG",
      "sharpness": 139.04630393981154,
      "transform_matrix": [
        [
          -0.26117382360274227,
          0.032104500350913924,
          0.9647577597225566,
          3.757277543237004
        ],
        [
          0.9623537448956451,
          -0.06925914555823391,
          0.2628277771505717,
          1.3321421918604106
        ],
        [
          0.07525625257282069,
          0.9970819784935596,
          -0.012807210275802774,
          0.10284550853124454
        ],
        [
          0.0,
          0.0,
          0.0,
          1.0
        ]
      ]
    },
    {
      "file_path": "Low_light_enhance/enh_SCI_fake/4.JPG",
      "sharpness": 129.60733329848892,
      "transform_matrix": [
        [
          0.0011161522070178996,
          0.09959483588116037,
          0.9950274483113518,
          4.104203589049409
        ],
        [
          0.9999959895005688,
          -0.0027011417179756744,
          -0.0008513614022218969,
          -0.06299565970872888
        ],
        [
          0.0026029189520348417,
          0.9950244080032445,
          -0.09959745134141783,
          0.019758578335038638
        ],
        [
          0.0,
          0.0,
          0.0,
          1.0
        ]
      ]
    },
    {
      "file_path": "Low_light_enhance/enh_SCI_fake/40.JPG",
      "sharpness": 124.46200393147737,
      "transform_matrix": [
        [
          -0.26810265001874733,
          -0.121681235451747,
          0.9556749688125173,
          3.7578115562945325
        ],
        [
          0.9604102123053309,
          -0.11172377434347912,
          0.25520584308772426,
          1.3298960810644005
        ],
        [
          0.0757178522799022,
          0.9862613625242077,
          0.14681734114537054,
          0.10268857166210857
        ],
        [
          0.0,
          0.0,
          0.0,
          1.0
        ]
      ]
    },
    {
      "file_path": "Low_light_enhance/enh_SCI_fake/41.JPG",
      "sharpness": 136.35831122193068,
      "transform_matrix": [
        [
          -0.28271277020405516,
          0.01972890893289962,
          0.9590016995494903,
          3.58895514437649
        ],
        [
          0.9559805188194342,
          -0.07610889811873724,
          0.2833878671801541,
          1.1882605805961808
        ],
        [
          0.07857949607099393,
          0.9969043112567613,
          0.0026565048269116117,
          0.1519267907046026
        ],
        [
          0.0,
          0.0,
          0.0,
          1.0
        ]
      ]
    },
    {
      "file_path": "Low_light_enhance/enh_SCI_fake/42.JPG",
      "sharpness": 129.81945861742935,
      "transform_matrix": [
        [
          -0.31967592633709635,
          -0.09884055991864796,
          0.9423575997775112,
          3.5648162754214376
        ],
        [
          0.943289220516223,
          -0.1271533633711637,
          0.3066552928637243,
          1.3194003352575636
        ],
        [
          0.0895139574614201,
          0.9869460805540523,
          0.13388310394360262,
          0.15718202707395768
        ],
        [
          0.0,
          0.0,
          0.0,
          1.0
        ]
      ]
    },
    {
      "file_path": "Low_light_enhance/enh_SCI_fake/43.JPG",
      "sharpness": 104.65967810662403,
      "transform_matrix": [
        [
          -0.35907293752600355,
          0.010567343000161085,
          0.9332496755002426,
          3.587782594538276
        ],
        [
          0.9278184316607991,
          -0.10426696876157593,
          0.3581638690541064,
          1.3181608551025188
        ],
        [
          0.1010919552166942,
          0.994493202847522,
          0.027634871150919865,
          0.14087605413772597
        ],
        [
          0.0,
          0.0,
          0.0,
          1.0
        ]
      ]
    },
    {
      "file_path": "Low_light_enhance/enh_SCI_fake/44.JPG",
      "sharpness": 118.25347054717156,
      "transform_matrix": [
        [
          -0.318721408820156,
          0.0014520206616694296,
          0.9478473269565292,
          3.5936760301474124
        ],
        [
          0.9439158478697485,
          -0.09051212033060728,
          0.3175380736441392,
          1.3183576450297638
        ],
        [
          0.08625274315633183,
          0.9958942954611457,
          0.02747756519308649,
          0.16028869960048578
        ],
        [
          0.0,
          0.0,
          0.0,
          1.0
        ]
      ]
    },
    {
      "file_path": "Low_light_enhance/enh_SCI_fake/45.JPG",
      "sharpness": 122.14469807954492,
      "transform_matrix": [
        [
          -0.2478236711011282,
          0.038707918191666496,
          0.9680315723849979,
          4.009330013227266
        ],
        [
          0.9661392245943017,
          -0.06420124553539867,
          0.24990638001472548,
          1.1537987197867459
        ],
        [
          0.07182218837789282,
          0.9971859892536874,
          -0.02148664970950892,
          0.038996227513976654
        ],
        [
          0.0,
          0.0,
          0.0,
          1.0
        ]
      ]
    },
    {
      "file_path": "Low_light_enhance/enh_SCI_fake/47.JPG",
      "sharpness": 134.8536628393529,
      "transform_matrix": [
        [
          0.1987319792942137,
          -0.07160760099178551,
          0.9774343721749048,
          3.5614386506845164
        ],
        [
          0.9787428426276858,
          0.06606999193406807,
          -0.19415767862989367,
          -0.7034650984689378
        ],
        [
          -0.05067591550485608,
          0.9952422356737622,
          0.08321564721745929,
          0.1360419562516023
        ],
        [
          0.0,
          0.0,
          0.0,
          1.0
        ]
      ]
    },
    {
      "file_path": "Low_light_enhance/enh_SCI_fake/48.JPG",
      "sharpness": 131.3824031166862,
      "transform_matrix": [
        [
          0.19755138905475367,
          0.018678877926820506,
          0.9801145587250893,
          3.5629221899976278
        ],
        [
          0.9789312477196249,
          0.04891326162608071,
          -0.19824506317998483,
          -0.7014544131916771
        ],
        [
          -0.051643595169184715,
          0.9986283554853749,
          -0.008622454497474232,
          0.13072140187764353
        ],
        [
          0.0,
          0.0,
          0.0,
          1.0
        ]
      ]
    },
    {
      "file_path": "Low_light_enhance/enh_SCI_fake/5.JPG",
      "sharpness": 121.028159548416,
      "transform_matrix": [
        [
          0.07207503408705533,
          0.0961037128340628,
          0.9927584126381416,
          4.102149986265279
        ],
        [
          0.9973070009165995,
          0.0065902759682216995,
          -0.07304323504226846,
          -0.05705742662978397
        ],
        [
          -0.013562277994032198,
          0.9953495087983691,
          -0.09536991125843669,
          0.021546695777369975
        ],
        [
          0.0,
          0.0,
          0.0,
          1.0
        ]
      ]
    },
    {
      "file_path": "Low_light_enhance/enh_SCI_fake/6.JPG",
      "sharpness": 104.2973851880107,
      "transform_matrix": [
        [
          0.03866493221600782,
          -0.0074727401552861245,
          0.9992242897339154,
          4.228039689949811
        ],
        [
          0.9992189976124657,
          0.008444723506324954,
          -0.03860157322287036,
          -0.06142102196520774
        ],
        [
          -0.008149713321327086,
          0.9999364203900444,
          0.007793418589338363,
          -0.020635440707388937
        ],
        [
          0.0,
          0.0,
          0.0,
          1.0
        ]
      ]
    },
    {
      "file_path": "Low_light_enhance/enh_SCI_fake/7.JPG",
      "sharpness": 108.067135548416,
      "transform_matrix": [
        [
          -0.016112499371131583,
          -0.008440197499685952,
          0.9998345615416213,
          4.233538104897557
        ],
        [
          0.9998414396254636,
          -0.007718473162252821,
          0.016047453996314118,
          -0.09344875627040569
        ],
        [
          0.007581752548855807,
          0.9999345919914925,
          0.008563223112782127,
          -0.018879212946810893
        ],
        [
          0.0,
          0.0,
          0.0,
          1.0
        ]
      ]
    },
    {
      "file_path": "Low_light_enhance/enh_SCI_fake/8.JPG",
      "sharpness": 120.64856462324623,
      "transform_matrix": [
        [
          -0.013490933205104885,
          0.08555469196708793,
          0.9962421339346258,
          4.23194423411058
        ],
        [
          0.9998792489809184,
          -0.0065306019516419,
          0.014101017535742144,
          -0.0985167937442647
        ],
        [
          0.0077124690358742745,
          0.9963120725674,
          -0.08545625723612699,
          -0.014191997181249312
        ],
        [
          0.0,
          0.0,
          0.0,
          1.0
        ]
      ]
    },
    {
      "file_path": "Low_light_enhance/enh_SCI_fake/9.JPG",
      "sharpness": 106.95787732411735,
      "transform_matrix": [
        [
          0.04182949977855219,
          0.0060835021170631,
          0.9991062425854482,
          4.096173382727435
        ],
        [
          0.999107203581515,
          0.005673962429757545,
          -0.04186408845192085,
          -0.0955436111732824
        ],
        [
          -0.005923571554492224,
          0.9999653979890107,
          -0.005840731777962126,
          0.0125221676025323
        ],
        [
          0.0,
          0.0,
          0.0,
          1.0
        ]
      ]
    }
  ]
}