{
  "camera_angle_x": 0.6553725659976782,
  "camera_angle_y": 0.4893732416762986,
  "fl_x": 735.420133652984,
  "fl_y": 750.9319735244987,
  "k1": 0.038977003240976055,
  "k2": -0.22975030588958778,
  "p1": -0.001905445564127315,
  "p2": 0.0007036597111963685,
  "cx": 256.0574267362523,
  "cy": 187.241978627761,
  "w": 500.0,
  "h": 375.0,
  "frames": [
    {
      "file_path": "Exposure_correction/IAT/10.jpg",
      "sharpness": 79.57458666322489,
      "transform_matrix": [
        [
          -0.15393595120935094,
          0.06185978658919069,
          0.986142530135054,
          4.092711644754755
        ],
        [
          0.98788120433052,
          -0.010425523519954454,
          0.15486133988125408,
          1.106298642224243
        ],
        [
          0.019860741577920903,
          0.9980303979715388,
          -0.05950525759545901,
          -0.023615808869988725
        ],
        [
          0.0,
          0.0,
          0.0,
          1.0
        ]
      ]
    },
    {
      "file_path": "Exposure_correction/IAT/11.jpg",
      "sharpness": 77.39295881625598,
      "transform_matrix": [
        [
          -0.1436592823540255,
          -0.07060750549734082,
          0.9871051568975431,
          4.044954473088042
        ],
        [
          0.9895608257146989,
          -0.021801912371313247,
          0.14245718243668126,
          1.1323235853729379
        ],
        [
          0.011462233839917992,
          0.9972658907218003,
          0.07300246852681193,
          -0.042433142691667286
        ],
        [
          0.0,
          0.0,
          0.0,
          1.0
        ]
      ]
    },
    {
      "file_path": "Exposure_correction/IAT/12.jpg",
      "sharpness": 88.71933863753955,
      "transform_matrix": [
        [
          -0.26515044463104404,
          -0.030924731760381477,
          0.9637110057949227,
          3.741032960508517
        ],
        [
          0.962968649389653,
          -0.05913367581587225,
          0.2630486431768304,
          1.2565229987812885
        ],
        [
          0.04885306546668938,
          0.9977709503502106,
          0.04545886761127841,
          0.05967514329151223
        ],
        [
          0.0,
          0.0,
          0.0,
          1.0
        ]
      ]
    },
    {
      "file_path": "Exposure_correction/IAT/14.jpg",
      "sharpness": 83.23081597769956,
      "transform_matrix": [
        [
          0.21918968199893304,
          -0.0245617014797086,
          0.9753730599818626,
          3.985382215632427
        ],
        [
          0.9711152033039394,
          0.10210440581782194,
          -0.21566166146197358,
          -0.9131923580212441
        ],
        [
          -0.09429286939071191,
          0.9944704184366835,
          0.0462324739678563,
          0.0035267850075856254
        ],
        [
          0.0,
          0.0,
          0.0,
          1.0
        ]
      ]
    },
    {
      "file_path": "Exposure_correction/IAT/15.jpg",
      "sharpness": 88.11976942418488,
      "transform_matrix": [
        [
          0.07918469410273524,
          -0.03778679008831758,
          0.9961435352033519,
          4.02900689357081
        ],
        [
          0.995532117696512,
          0.05455776615606682,
          -0.07706654778021158,
          -1.2051846512671653
        ],
        [
          -0.05143526858770004,
          0.9977953741422125,
          0.04193810318157306,
          0.021546581280279142
        ],
        [
          0.0,
          0.0,
          0.0,
          1.0
        ]
      ]
    },
    {
      "file_path": "Exposure_correction/IAT/16.jpg",
      "sharpness": 86.77572785661155,
      "transform_matrix": [
        [
          0.2237127022219563,
          -0.027581237265459798,
          0.974264800877159,
          3.8049549019968913
        ],
        [
          0.970235058305646,
          0.10139256815053732,
          -0.219916981514569,
          -0.7345038421254575
        ],
        [
          -0.09271762777374995,
          0.9944640880833093,
          0.049443088752575824,
          0.062011479185961796
        ],
        [
          0.0,
          0.0,
          0.0,
          1.0
        ]
      ]
    },
    {
      "file_path": "Exposure_correction/IAT/18.jpg",
      "sharpness": 93.98145038222223,
      "transform_matrix": [
        [
          -0.23333452765464036,
          0.0641233340636348,
          0.9702799576645407,
          3.9847934237596334
        ],
        [
          0.9715439447164372,
          -0.026401806760983818,
          0.23538332159390768,
          0.47154299923054255
        ],
        [
          0.0407107073098889,
          0.9975926737106007,
          -0.05613818381475045,
          0.020069738717087334
        ],
        [
          0.0,
          0.0,
          0.0,
          1.0
        ]
      ]
    },
    {
      "file_path": "Exposure_correction/IAT/2.jpg",
      "sharpness": 85.89238933307733,
      "transform_matrix": [
        [
          -0.051473798022076814,
          0.012582716589853838,
          0.9985950747791397,
          3.585077654873636
        ],
        [
          0.9985596169724308,
          0.015804709289268568,
          0.05127282434345596,
          0.38160858277814613
        ],
        [
          -0.015137353437104647,
          0.9997959223862902,
          -0.013378121072190552,
          0.12145343449584538
        ],
        [
          0.0,
          0.0,
          0.0,
          1.0
        ]
      ]
    },
    {
      "file_path": "Exposure_correction/IAT/20.jpg",
      "sharpness": 85.17094399897601,
      "transform_matrix": [
        [
          -0.2458675506364922,
          0.0365460574538381,
          0.9686142334496981,
          4.047293451019991
        ],
        [
          0.9685495091572385,
          -0.030142570630606248,
          0.24698840812283523,
          1.1474407814288172
        ],
        [
          0.03822297549925722,
          0.9988772753111878,
          -0.027985585997712493,
          -0.007448947532574716
        ],
        [
          0.0,
          0.0,
          0.0,
          1.0
        ]
      ]
    },
    {
      "file_path": "Exposure_correction/IAT/21.jpg",
      "sharpness": 87.40691729006933,
      "transform_matrix": [
        [
          -0.3831898157643744,
          0.04980059336260781,
          0.9223261169499378,
          3.6294699670804675
        ],
        [
          0.9197196849316008,
          -0.07167578659682913,
          0.38597704953150197,
          1.7882749765059573
        ],
        [
          0.08533033602220327,
          0.9961839601846372,
          -0.018337154576058858,
          0.09351025807568618
        ],
        [
          0.0,
          0.0,
          0.0,
          1.0
        ]
      ]
    },
    {
      "file_path": "Exposure_correction/IAT/22.jpg",
      "sharpness": 86.64964264436622,
      "transform_matrix": [
        [
          -0.4208603673051328,
          0.05366863958627317,
          0.9055364312767882,
          3.575072705943175
        ],
        [
          0.9020364032575333,
          -0.08083128264874817,
          0.4240243282449395,
          2.268834205989595
        ],
        [
          0.09595248007366208,
          0.9952818600190536,
          -0.014392383314829544,
          0.10022133881432133
        ],
        [
          0.0,
          0.0,
          0.0,
          1.0
        ]
      ]
    },
    {
      "file_path": "Exposure_correction/IAT/23.jpg",
      "sharpness": 86.91196763033598,
      "transform_matrix": [
        [
          -0.32326924732454526,
          0.04773983909701229,
          0.9451020587798796,
          3.7923868279853
        ],
        [
          0.9438999892156712,
          -0.05492168789586903,
          0.32563233647370715,
          1.5424386719465288
        ],
        [
          0.06745223565009079,
          0.9973487434064255,
          -0.027307140900936635,
          0.02756371960585244
        ],
        [
          0.0,
          0.0,
          0.0,
          1.0
        ]
      ]
    },
    {
      "file_path": "Exposure_correction/IAT/25.jpg",
      "sharpness": 82.47639359613154,
      "transform_matrix": [
        [
          0.17332408091285098,
          0.03573926260464193,
          0.9842161693941762,
          4.320823120170523
        ],
        [
          0.981787096791534,
          0.07267369382550885,
          -0.17553526938882735,
          -0.6488111866552668
        ],
        [
          -0.0778001256417314,
          0.996715224799401,
          -0.022492245685233375,
          -0.04741811058563852
        ],
        [
          0.0,
          0.0,
          0.0,
          1.0
        ]
      ]
    },
    {
      "file_path": "Exposure_correction/IAT/3.jpg",
      "sharpness": 81.36692265745067,
      "transform_matrix": [
        [
          -0.034534276324300124,
          -0.06582495310164058,
          0.9972334026298344,
          3.994594898723993
        ],
        [
          0.9991831775945946,
          0.018677647531135096,
          0.0358346633118309,
          0.42321965849538973
        ],
        [
          -0.020984789032508926,
          0.9976563642079468,
          0.06512616676418431,
          0.00713776008777169
        ],
        [
          0.0,
          0.0,
          0.0,
          1.0
        ]
      ]
    },
    {
      "file_path": "Exposure_correction/IAT/4.jpg",
      "sharpness": 81.75765203069156,
      "transform_matrix": [
        [
          -0.020656263454727784,
          0.04926028152952586,
          0.9985723526397446,
          4.030060701182298
        ],
        [
          0.9994707522872414,
          0.02612260585148737,
          0.019386200914694066,
          0.4209080245115414
        ],
        [
          -0.025130342267354725,
          0.998444306979566,
          -0.04977380606678885,
          -0.0012535595425739213
        ],
        [
          0.0,
          0.0,
          0.0,
          1.0
        ]
      ]
    },
    {
      "file_path": "Exposure_correction/IAT/5.jpg",
      "sharpness": 84.52420680462224,
      "transform_matrix": [
        [
          -0.19077957530797982,
          0.050180888816947905,
          0.9803494438492846,
          3.970101348960946
        ],
        [
          0.9813441818219746,
          -0.014470503065521344,
          0.19171385277332326,
          0.24295632912380197
        ],
        [
          0.02380652116319008,
          0.9986353102866552,
          -0.04648404684983427,
          0.02007697376668966
        ],
        [
          0.0,
          0.0,
          0.0,
          1.0
        ]
      ]
    },
    {
      "file_path": "Exposure_correction/IAT/6.jpg",
      "sharpness": 90.41823375527822,
      "transform_matrix": [
        [
          -0.19142710203627616,
          -0.056034084702728575,
          0.9799060393579959,
          3.936715823856327
        ],
        [
          0.9811811665276248,
          -0.036641333605655316,
          0.18958093554756464,
          0.23906649026803267
        ],
        [
          0.025282069889817977,
          0.9977562798779392,
          0.06199373290080597,
          0.026238080458934658
        ],
        [
          0.0,
          0.0,
          0.0,
          1.0
        ]
      ]
    },
    {
      "file_path": "Exposure_correction/IAT/7.jpg",
      "sharpness": 86.97399466484622,
      "transform_matrix": [
        [
          -0.09238162648104184,
          -0.05359014349416229,
          0.9942805095252276,
          3.9230699135447695
        ],
        [
          0.9957233807171374,
          -0.005738493076292058,
          0.09220639235134037,
          0.2607822332875941
        ],
        [
          0.0007643180226152951,
          0.9985465268229836,
          0.05389109017706181,
          0.022187453263718158
        ],
        [
          0.0,
          0.0,
          0.0,
          1.0
        ]
      ]
    },
    {
      "file_path": "Exposure_correction/IAT/8.jpg",
      "sharpness": 83.715871983616,
      "transform_matrix": [
        [
          0.06549015753824679,
          -0.04939019568669108,
          0.9966301459660948,
          4.1390523636216985
        ],
        [
          0.9967990608109175,
          0.04913533080257356,
          -0.06306624797302746,
          0.07336777006874623
        ],
        [
          -0.04585489758124803,
          0.9975702119899509,
          0.0524499812287155,
          -0.05102507734169387
        ],
        [
          0.0,
          0.0,
          0.0,
          1.0
        ]
      ]
    },
    {
      "file_path": "Exposure_correction/IAT/24.jpg",
      "sharpness": 87.53263892946491,
      "transform_matrix": [
        [
          0.047342284575604014,
          0.03241645203761239,
          0.9983525838806695,
          4.096426680934957
        ],
        [
          0.997967185060808,
          0.04115427239758706,
          -0.04866028570850818,
          -0.24786517935052862
        ],
        [
          -0.042663868003666325,
          0.9986268069271185,
          -0.030402218114286263,
          -0.003709274861240853
        ],
        [
          0.0,
          0.0,
          0.0,
          1.0
        ]
      ]
    },
    {
      "file_path": "Exposure_correction/IAT/9.jpg",
      "sharpness": 82.01525811709156,
      "transform_matrix": [
        [
          -0.17303082920958926,
          0.06402943649063138,
          0.9828329275204855,
          4.017644203746205
        ],
        [
          0.9846394699515681,
          -0.012416726091736408,
          0.1741577994999325,
          0.5730462780607749
        ],
        [
          0.023354793017390338,
          0.9978707612655094,
          -0.06089743399571139,
          0.004795036325417342
        ],
        [
          0.0,
          0.0,
          0.0,
          1.0
        ]
      ]
    },
    {
      "file_path": "Exposure_correction/IAT/17.jpg",
      "sharpness": 105.69546093053157,
      "transform_matrix": [
        [
          -0.1814401559149451,
          -0.03935361789564305,
          0.9826142491297578,
          3.109618598008794
        ],
        [
          0.9830354733434505,
          -0.03453576272865976,
          0.18013478076476283,
          0.3231764185192816
        ],
        [
          0.026846377229813582,
          0.9986283462149537,
          0.04495217656995031,
          0.2522351208752297
        ],
        [
          0.0,
          0.0,
          0.0,
          1.0
        ]
      ]
    }
  ]
}