{
  "camera_angle_x": 1.0273710643599914,
  "camera_angle_y": 0.8007712815645067,
  "fl_x": 443.0994679361646,
  "fl_y": 443.002821596043,
  "k1": 0.009175950801000744,
  "k2": -0.013329307673556228,
  "p1": -0.0005487765945730333,
  "p2": -0.0003511886641272347,
  "cx": 245.40611694562028,
  "cy": 184.22656399859983,
  "w": 500.0,
  "h": 375.0,
  "frames": [
    {
      "file_path": "Exposure_correction/MSEC/10.jpg",
      "sharpness": 5261.177825549056,
      "transform_matrix": [
        [
          -0.3820678588145091,
          0.06620108742667752,
          0.9217600378033547,
          3.697990036574514
        ],
        [
          0.8534717237529819,
          -0.35724831552009784,
          0.37942015999705964,
          1.6419916976547355
        ],
        [
          0.35441524800239943,
          0.9316603764717777,
          0.07999234277548563,
          0.3288010557906642
        ],
        [
          0.0,
          0.0,
          0.0,
          1.0
        ]
      ]
    },
    {
      "file_path": "Exposure_correction/MSEC/11.jpg",
      "sharpness": 5960.15882504906,
      "transform_matrix": [
        [
          -0.3971151247195619,
          0.09929109058119444,
          0.9123819688359603,
          3.652660785399302
        ],
        [
          0.8640066233725452,
          -0.2948086699831399,
          0.40814262564840326,
          2.0453116239146776
        ],
        [
          0.30950304116243044,
          0.9503836738076881,
          0.03128482184472746,
          0.3761756010613824
        ],
        [
          0.0,
          0.0,
          0.0,
          1.0
        ]
      ]
    },
    {
      "file_path": "Exposure_correction/MSEC/12.jpg",
      "sharpness": 5425.430749957007,
      "transform_matrix": [
        [
          0.19294375520082335,
          0.08989481219660699,
          0.9770832257673658,
          4.231425218889158
        ],
        [
          0.9251800761440537,
          0.31501540863424826,
          -0.21167692134266414,
          -1.266634633776301
        ],
        [
          -0.32682492872523106,
          0.9448196733077321,
          -0.02238863330499848,
          -0.2355844033065168
        ],
        [
          0.0,
          0.0,
          0.0,
          1.0
        ]
      ]
    },
    {
      "file_path": "Exposure_correction/MSEC/13.jpg",
      "sharpness": 5505.710606061199,
      "transform_matrix": [
        [
          0.1284512693029167,
          0.06749590695793492,
          0.9894162794118637,
          4.079294316878752
        ],
        [
          0.9576414610156347,
          0.25083511394555136,
          -0.14143754012210016,
          -0.7854894127116936
        ],
        [
          -0.2577268002342988,
          0.9656738829243966,
          -0.03241679017972429,
          -0.054019286986761415
        ],
        [
          0.0,
          0.0,
          0.0,
          1.0
        ]
      ]
    },
    {
      "file_path": "Exposure_correction/MSEC/14.jpg",
      "sharpness": 5482.885809855828,
      "transform_matrix": [
        [
          0.0684883182235632,
          0.04878244958448444,
          0.99645854047535,
          4.172796495949865
        ],
        [
          0.9826341527836422,
          0.1693519946254927,
          -0.07582891071068236,
          -0.25039087565352014
        ],
        [
          -0.172451361404898,
          0.9843475882713199,
          -0.03633666771845469,
          -0.19536999749636874
        ],
        [
          0.0,
          0.0,
          0.0,
          1.0
        ]
      ]
    },
    {
      "file_path": "Exposure_correction/MSEC/15.jpg",
      "sharpness": 5211.031405368206,
      "transform_matrix": [
        [
          0.02142277386181629,
          0.008529308924546977,
          0.9997341224826504,
          3.7667906511684026
        ],
        [
          0.9951218754811825,
          0.09613579160700256,
          -0.022144130394679783,
          -0.39568032200896147
        ],
        [
          -0.09629910539040332,
          0.9953316836452812,
          -0.00642820656993003,
          0.2287224888062967
        ],
        [
          0.0,
          0.0,
          0.0,
          1.0
        ]
      ]
    },
    {
      "file_path": "Exposure_correction/MSEC/16.jpg",
      "sharpness": 5083.950014594021,
      "transform_matrix": [
        [
          0.10537615339608093,
          0.007384019618836737,
          0.9944050193741654,
          3.7611792946563796
        ],
        [
          0.9849503048269576,
          0.1369873652745802,
          -0.10539145494981987,
          -0.39090012838889804
        ],
        [
          -0.13699913619089196,
          0.9905452730774692,
          0.007162309242077679,
          0.23180810675869182
        ],
        [
          0.0,
          0.0,
          0.0,
          1.0
        ]
      ]
    },
    {
      "file_path": "Exposure_correction/MSEC/18.jpg",
      "sharpness": 5647.769452071226,
      "transform_matrix": [
        [
          0.27509164907053574,
          0.08852555100253275,
          0.9573336991029674,
          3.7604216958392307
        ],
        [
          0.928116988936938,
          0.23535098688919823,
          -0.2884593001047812,
          -0.3595851785730048
        ],
        [
          -0.2508454493497508,
          0.9678704147748636,
          -0.01741897674672639,
          0.24208745688582756
        ],
        [
          0.0,
          0.0,
          0.0,
          1.0
        ]
      ]
    },
    {
      "file_path": "Exposure_correction/MSEC/19.jpg",
      "sharpness": 5344.8581597746925,
      "transform_matrix": [
        [
          0.04944481961047082,
          0.015915389062936512,
          0.998650043915026,
          3.8339475816147215
        ],
        [
          0.9984113208240448,
          -0.027836594383132737,
          -0.04898937092434516,
          -0.024280308981953533
        ],
        [
          0.02701933130495082,
          0.999485779994376,
          -0.01726648000359882,
          0.19704157411492676
        ],
        [
          0.0,
          0.0,
          0.0,
          1.0
        ]
      ]
    },
    {
      "file_path": "Exposure_correction/MSEC/2.jpg",
      "sharpness": 5359.20241902737,
      "transform_matrix": [
        [
          -0.03210312876914774,
          -0.04282764009410915,
          0.9985665638173655,
          3.90419480017518
        ],
        [
          0.997385292862971,
          0.06334657007979105,
          0.03478203041514548,
          0.1944715923453666
        ],
        [
          -0.06474539909455511,
          0.9970722166974233,
          0.04068203526153761,
          0.09812415281529405
        ],
        [
          0.0,
          0.0,
          0.0,
          1.0
        ]
      ]
    },
    {
      "file_path": "Exposure_correction/MSEC/20.jpg",
      "sharpness": 5059.924290102016,
      "transform_matrix": [
        [
          -0.09042932929044016,
          0.00422562790401061,
          0.9958939102533553,
          3.8396889480366063
        ],
        [
          0.9903943230322153,
          -0.1046500206122919,
          0.09037399012677562,
          -0.042524188538125125
        ],
        [
          0.10460220509014607,
          0.9945001343697428,
          0.00527839328682169,
          0.1940239712828545
        ],
        [
          0.0,
          0.0,
          0.0,
          1.0
        ]
      ]
    },
    {
      "file_path": "Exposure_correction/MSEC/21.jpg",
      "sharpness": 5198.870487133411,
      "transform_matrix": [
        [
          -0.10536715978704848,
          -0.018548110090657814,
          0.9942603930848776,
          3.6978632448032633
        ],
        [
          0.980026083068943,
          -0.17151276330221366,
          0.10065907077363564,
          0.5939873605415055
        ],
        [
          0.1686613119335998,
          0.9850072789797816,
          0.03624944441686152,
          0.28879252318328796
        ],
        [
          0.0,
          0.0,
          0.0,
          1.0
        ]
      ]
    },
    {
      "file_path": "Exposure_correction/MSEC/22.jpg",
      "sharpness": 5170.9043909672955,
      "transform_matrix": [
        [
          -0.2865312286710471,
          0.02137920866637212,
          0.9578323362884967,
          3.7335225887991563
        ],
        [
          0.9189202970983905,
          -0.2767423711243236,
          0.28106787010457235,
          1.1529107067151474
        ],
        [
          0.2710818005284074,
          0.9607062971936883,
          0.059649542844160186,
          0.28426617580702446
        ],
        [
          0.0,
          0.0,
          0.0,
          1.0
        ]
      ]
    },
    {
      "file_path": "Exposure_correction/MSEC/23.jpg",
      "sharpness": 5057.965533833216,
      "transform_matrix": [
        [
          0.03823573535172802,
          -0.044517337671171796,
          0.9982766326002044,
          3.7326885837105244
        ],
        [
          0.9992148090895513,
          -0.008676356450295884,
          -0.03865858423308302,
          -0.6320219525529943
        ],
        [
          0.010382381148634044,
          0.998970934257982,
          0.04415063619322428,
          0.29981049547658795
        ],
        [
          0.0,
          0.0,
          0.0,
          1.0
        ]
      ]
    },
    {
      "file_path": "Exposure_correction/MSEC/25.jpg",
      "sharpness": 4476.955630725007,
      "transform_matrix": [
        [
          0.0007535004572276938,
          -0.15212027622069368,
          0.988361701912018,
          3.636175016042591
        ],
        [
          0.9994107248898763,
          -0.03380276616552296,
          -0.005964559889811596,
          -0.33124880673280926
        ],
        [
          0.03431668999466329,
          0.9877837792598857,
          0.1520051651284104,
          0.32520458526970725
        ],
        [
          0.0,
          0.0,
          0.0,
          1.0
        ]
      ]
    },
    {
      "file_path": "Exposure_correction/MSEC/26.jpg",
      "sharpness": 5092.40829995449,
      "transform_matrix": [
        [
          -0.159076972374641,
          -0.082191332357153,
          0.9838389612900547,
          3.858330741047541
        ],
        [
          0.9843745008717124,
          -0.08942033995529546,
          0.15169325903241102,
          0.9264160707945599
        ],
        [
          0.07550734331034885,
          0.9925968908345597,
          0.09513176871385308,
          0.24923225812021418
        ],
        [
          0.0,
          0.0,
          0.0,
          1.0
        ]
      ]
    },
    {
      "file_path": "Exposure_correction/MSEC/27.jpg",
      "sharpness": 4307.613232306489,
      "transform_matrix": [
        [
          -0.00915616830115949,
          -0.1424124658265901,
          0.9897650499820909,
          4.108957904556528
        ],
        [
          0.9993229448751113,
          -0.036575902548868895,
          0.003981858724124458,
          -0.04308172781753889
        ],
        [
          0.035634483694945616,
          0.9891313830511942,
          0.14265093985625846,
          -0.23797703723552463
        ],
        [
          0.0,
          0.0,
          0.0,
          1.0
        ]
      ]
    },
    {
      "file_path": "Exposure_correction/MSEC/28.jpg",
      "sharpness": 5511.885888011264,
      "transform_matrix": [
        [
          -0.008675893702532264,
          0.0599659395434182,
          0.9981627196855019,
          4.143375042407135
        ],
        [
          0.9994972343124466,
          -0.02992224983121382,
          0.010485111674962432,
          -0.04248157856836192
        ],
        [
          0.030496023843440204,
          0.9977518454338,
          -0.059676188467717634,
          -0.2317287029206447
        ],
        [
          0.0,
          0.0,
          0.0,
          1.0
        ]
      ]
    },
    {
      "file_path": "Exposure_correction/MSEC/29.jpg",
      "sharpness": 5486.450157524622,
      "transform_matrix": [
        [
          -0.03568140015456117,
          0.04183925751153,
          0.9984870125448373,
          4.109816214492149
        ],
        [
          0.9983511828302283,
          -0.043460793479795014,
          0.03749766888245374,
          0.4836902883908445
        ],
        [
          0.04496391246892373,
          0.9981786593430174,
          -0.040219530262187164,
          -0.20049148914236356
        ],
        [
          0.0,
          0.0,
          0.0,
          1.0
        ]
      ]
    },
    {
      "file_path": "Exposure_correction/MSEC/3.jpg",
      "sharpness": 4655.5901154299445,
      "transform_matrix": [
        [
          -0.035120344885589815,
          -0.16435561287213954,
          0.9857757320503282,
          3.883264922663496
        ],
        [
          0.9975406260448236,
          0.054102812892072194,
          0.04455990380706316,
          0.1899399421050084
        ],
        [
          -0.06065691028439785,
          0.9849163000790515,
          0.16205129151040462,
          0.09686159782638196
        ],
        [
          0.0,
          0.0,
          0.0,
          1.0
        ]
      ]
    },
    {
      "file_path": "Exposure_correction/MSEC/30.jpg",
      "sharpness": 5477.375902701114,
      "transform_matrix": [
        [
          -0.17697102072912538,
          0.07882963117110138,
          0.9810540999752966,
          4.062710620408852
        ],
        [
          0.9500047057514734,
          -0.24684390736821846,
          0.19120445717941492,
          0.6609902500236572
        ],
        [
          0.257239804215237,
          0.9658436595283074,
          -0.031204302317480004,
          -0.13346545022579995
        ],
        [
          0.0,
          0.0,
          0.0,
          1.0
        ]
      ]
    },
    {
      "file_path": "Exposure_correction/MSEC/32.jpg",
      "sharpness": 5427.646780728889,
      "transform_matrix": [
        [
          0.06613123247286268,
          0.055353573129021526,
          0.9962743809013107,
          4.1976043381043295
        ],
        [
          0.9940160797578679,
          0.08334262803089156,
          -0.07061189372713307,
          -1.1067563420579731
        ],
        [
          -0.08694074576736827,
          0.9949824060261362,
          -0.0495107910530902,
          -0.22215356844625647
        ],
        [
          0.0,
          0.0,
          0.0,
          1.0
        ]
      ]
    },
    {
      "file_path": "Exposure_correction/MSEC/33.jpg",
      "sharpness": 5481.6405752161845,
      "transform_matrix": [
        [
          0.12336545499292233,
          0.03609424391226347,
          0.9917046788624176,
          4.291342671248608
        ],
        [
          0.9843268551224807,
          0.12245754422634153,
          -0.12690465770320736,
          -0.4886640164528956
        ],
        [
          -0.1260222472400062,
          0.9918171985931705,
          -0.02042150293738349,
          -0.38572424298149266
        ],
        [
          0.0,
          0.0,
          0.0,
          1.0
        ]
      ]
    },
    {
      "file_path": "Exposure_correction/MSEC/34.jpg",
      "sharpness": 5389.269502642489,
      "transform_matrix": [
        [
          -0.008902217224436838,
          0.021763627164674334,
          0.9997235093104223,
          4.1800184525541795
        ],
        [
          0.9988281874389507,
          -0.04736810935527233,
          0.009925431655853929,
          0.058996144865231505
        ],
        [
          0.04757102590805919,
          0.9986403790932828,
          -0.021316443073997236,
          -0.2796131101966661
        ],
        [
          0.0,
          0.0,
          0.0,
          1.0
        ]
      ]
    },
    {
      "file_path": "Exposure_correction/MSEC/35.jpg",
      "sharpness": 5460.1337810332725,
      "transform_matrix": [
        [
          0.0017103430748754281,
          0.01483968645328175,
          0.9998884229949633,
          4.099217752426495
        ],
        [
          0.9999979252132188,
          -0.001131739789546691,
          -0.0016937338439689691,
          0.6345462836318658
        ],
        [
          0.0011064790342306672,
          0.9998892453056313,
          -0.014841591327408046,
          -0.16127427187676124
        ],
        [
          0.0,
          0.0,
          0.0,
          1.0
        ]
      ]
    },
    {
      "file_path": "Exposure_correction/MSEC/4.jpg",
      "sharpness": 5598.919857141078,
      "transform_matrix": [
        [
          -0.10955942973013315,
          0.013179840322941437,
          0.9938928630255323,
          3.9203914960179698
        ],
        [
          0.9930681646209285,
          0.044277170856460595,
          0.10888136919324522,
          0.18686325358148761
        ],
        [
          -0.04257172504908807,
          0.9989323420316535,
          -0.017939461428597838,
          0.10106073033062528
        ],
        [
          0.0,
          0.0,
          0.0,
          1.0
        ]
      ]
    },
    {
      "file_path": "Exposure_correction/MSEC/5.jpg",
      "sharpness": 5460.904973936043,
      "transform_matrix": [
        [
          -0.050070924432463464,
          -0.037842858518452815,
          0.9980284668246947,
          3.907369217858738
        ],
        [
          0.9967738824227281,
          0.060867642933621194,
          0.05231593795063256,
          0.19063864882697715
        ],
        [
          -0.06272742499440087,
          0.9974282170209935,
          0.03467307385770072,
          0.0995116848064932
        ],
        [
          0.0,
          0.0,
          0.0,
          1.0
        ]
      ]
    },
    {
      "file_path": "Exposure_correction/MSEC/6.jpg",
      "sharpness": 5338.298859870976,
      "transform_matrix": [
        [
          0.022263783997336525,
          -0.0419103753529198,
          0.9988732874427654,
          3.9013249247841806
        ],
        [
          0.9935584959461656,
          0.11196921374975732,
          -0.017447358123293115,
          0.199835054861729
        ],
        [
          -0.11111183130273773,
          0.992827485325017,
          0.04413326788946246,
          0.10538763433497277
        ],
        [
          0.0,
          0.0,
          0.0,
          1.0
        ]
      ]
    },
    {
      "file_path": "Exposure_correction/MSEC/8.jpg",
      "sharpness": 4731.417427560789,
      "transform_matrix": [
        [
          -0.26030729354183074,
          -0.07486918876505787,
          0.9626186771039761,
          3.7555188354442586
        ],
        [
          0.9324448110897983,
          -0.27823152026718395,
          0.23050790745991748,
          0.981168136867372
        ],
        [
          0.25057291793276965,
          0.9575916800546104,
          0.1422370805932605,
          0.2336755117093545
        ],
        [
          0.0,
          0.0,
          0.0,
          1.0
        ]
      ]
    },
    {
      "file_path": "Exposure_correction/MSEC/9.jpg",
      "sharpness": 5148.896537801955,
      "transform_matrix": [
        [
          -0.36432192655073203,
          0.030125699020357874,
          0.9307856767804915,
          3.7120854097351255
        ],
        [
          0.8662020877528543,
          -0.3560842594767081,
          0.3505680295257233,
          1.4912876261409855
        ],
        [
          0.34199923539155985,
          0.9339681163816207,
          0.103634360040497,
          0.28391180932804355
        ],
        [
          0.0,
          0.0,
          0.0,
          1.0
        ]
      ]
    }
  ]
}