{
  "camera_angle_x": 1.124551488235569,
  "camera_angle_y": 0.880299177511075,
  "fl_x": 396.7470982340265,
  "fl_y": 398.12020768072875,
  "k1": 0.008482880628241617,
  "k2": -0.013822008469219167,
  "p1": 0.003116582127845263,
  "p2": -0.005550352417615418,
  "cx": 237.4282314417902,
  "cy": 189.13390325092627,
  "w": 500.0,
  "h": 375.0,
  "frames": [
    {
      "file_path": "low/10.JPG",
      "sharpness": 129.14899652093152,
      "transform_matrix": [
        [
          0.1148591445468953,
          0.02932041211334122,
          0.992948986790412,
          4.107112445143562
        ],
        [
          0.9924082901824851,
          0.040854554638768824,
          -0.11600297816153375,
          -0.6526775548766338
        ],
        [
          -0.04396774376041015,
          0.9987348090556297,
          -0.024405300856193475,
          -0.01214189349750821
        ],
        [
          0.0,
          0.0,
          0.0,
          1.0
        ]
      ]
    },
    {
      "file_path": "low/11.JPG",
      "sharpness": 119.84071495847823,
      "transform_matrix": [
        [
          0.1229331330050074,
          0.02149395422844718,
          0.9921821681333751,
          4.10494945821773
        ],
        [
          0.9919332578389619,
          0.02848470294535955,
          -0.12351936565210841,
          -0.3446346753479466
        ],
        [
          -0.030916933918615233,
          0.9993631130126683,
          -0.01781885426587516,
          -0.012492845954873167
        ],
        [
          0.0,
          0.0,
          0.0,
          1.0
        ]
      ]
    },
    {
      "file_path": "low/12.JPG",
      "sharpness": 126.97524728089601,
      "transform_matrix": [
        [
          0.12727390645017236,
          0.025948449877514507,
          0.9915281290545988,
          3.952190319074566
        ],
        [
          0.991365111584721,
          0.028488456673068298,
          -0.12799852877670703,
          -0.661205963666157
        ],
        [
          -0.031568469553058406,
          0.9992572670768886,
          -0.022098550738754878,
          0.02203203777201355
        ],
        [
          0.0,
          0.0,
          0.0,
          1.0
        ]
      ]
    },
    {
      "file_path": "low/13.JPG",
      "sharpness": 131.1716095174827,
      "transform_matrix": [
        [
          0.2093968797689907,
          0.03695765479904948,
          0.9771320681030847,
          3.8178557647088702
        ],
        [
          0.9758409621775348,
          0.05581856101623309,
          -0.21123140103332533,
          -0.9153185755377531
        ],
        [
          -0.0623487231664393,
          0.9977566937978494,
          -0.02437656090893543,
          0.04741496058043827
        ],
        [
          0.0,
          0.0,
          0.0,
          1.0
        ]
      ]
    },
    {
      "file_path": "low/14.JPG",
      "sharpness": 126.74755064820621,
      "transform_matrix": [
        [
          0.22760252083698185,
          0.03855467203400146,
          0.9729905599714976,
          3.7520250660423855
        ],
        [
          0.9713576388187346,
          0.06107043162891035,
          -0.22964045786653633,
          -1.1458722860679125
        ],
        [
          -0.0682746660070968,
          0.9973885600234146,
          -0.023550591005035832,
          0.05864651292205986
        ],
        [
          0.0,
          0.0,
          0.0,
          1.0
        ]
      ]
    },
    {
      "file_path": "low/15.JPG",
      "sharpness": 140.65188118801066,
      "transform_matrix": [
        [
          0.2624893966572117,
          -0.08750930422599246,
          0.9609586038623422,
          3.7283375251349606
        ],
        [
          0.9616278568218601,
          0.10610281262284932,
          -0.2530099961221246,
          -1.140972601496616
        ],
        [
          -0.07981968196105282,
          0.9904970039570112,
          0.11200224794381812,
          0.06486055867960606
        ],
        [
          0.0,
          0.0,
          0.0,
          1.0
        ]
      ]
    },
    {
      "file_path": "low/16.JPG",
      "sharpness": 138.88673028391824,
      "transform_matrix": [
        [
          0.26527493807455416,
          0.006219731720515706,
          0.9641527483690085,
          3.7667495695728808
        ],
        [
          0.961105928059107,
          0.07798925626401275,
          -0.2649397496734494,
          -1.2456440520035117
        ],
        [
          -0.0768414099352723,
          0.9969347977000466,
          0.014710774098391603,
          0.0627392075135839
        ],
        [
          0.0,
          0.0,
          0.0,
          1.0
        ]
      ]
    },
    {
      "file_path": "low/18.JPG",
      "sharpness": 119.07616518175286,
      "transform_matrix": [
        [
          -0.2215341124459817,
          -0.008074022342057213,
          0.9751191964096684,
          3.853783412060275
        ],
        [
          0.974486415603827,
          -0.03878977783710584,
          0.2210691722944529,
          0.9551850702811893
        ],
        [
          0.036039739557182704,
          0.9992147733691614,
          0.016461284096736598,
          0.04709269084718068
        ],
        [
          0.0,
          0.0,
          0.0,
          1.0
        ]
      ]
    },
    {
      "file_path": "low/19.JPG",
      "sharpness": 141.00488533048892,
      "transform_matrix": [
        [
          -0.19926380207710775,
          -0.07265359095479577,
          0.9772488899578218,
          3.8433735515706373
        ],
        [
          0.9794246276227083,
          -0.047288246259125054,
          0.19619179537344775,
          0.9552317317885178
        ],
        [
          0.03195834771503264,
          0.9962355532240919,
          0.08058155200950518,
          0.04719558526715401
        ],
        [
          0.0,
          0.0,
          0.0,
          1.0
        ]
      ]
    },
    {
      "file_path": "low/2.JPG",
      "sharpness": 132.51765600995557,
      "transform_matrix": [
        [
          -0.014739980175922204,
          -0.0931946487546687,
          0.9955387940449905,
          4.074104306513879
        ],
        [
          0.9997835465944537,
          0.013247067535368036,
          0.01604291621652209,
          0.21690192687886445
        ],
        [
          -0.01468308358059219,
          0.9955597785496616,
          0.09297921494270657,
          -0.005728718425768408
        ],
        [
          0.0,
          0.0,
          0.0,
          1.0
        ]
      ]
    },
    {
      "file_path": "low/20.JPG",
      "sharpness": 134.10341254951825,
      "transform_matrix": [
        [
          -0.2444686907330605,
          -0.06329745949696425,
          0.9675890092870733,
          3.707460178840357
        ],
        [
          0.9687172563356463,
          -0.05986894714724249,
          0.24083726133017636,
          1.052742881598913
        ],
        [
          0.0426841484628539,
          0.9961973402942238,
          0.07595342442156904,
          0.06741388819580416
        ],
        [
          0.0,
          0.0,
          0.0,
          1.0
        ]
      ]
    },
    {
      "file_path": "low/21.JPG",
      "sharpness": 131.7611300603449,
      "transform_matrix": [
        [
          -0.2477906476998266,
          0.058121912096623665,
          0.967068579919428,
          3.7217673508562057
        ],
        [
          0.967944579375398,
          -0.02741744206448955,
          0.24966292301506296,
          1.0576439515545617
        ],
        [
          0.04102543322759671,
          0.9979329272178088,
          -0.049465004029428,
          0.06733835877924974
        ],
        [
          0.0,
          0.0,
          0.0,
          1.0
        ]
      ]
    },
    {
      "file_path": "low/22.JPG",
      "sharpness": 132.58627631271827,
      "transform_matrix": [
        [
          -0.21876234750151177,
          0.058169729463268906,
          0.9740427700622002,
          3.655225305815463
        ],
        [
          0.975409152052545,
          -0.014414094011281553,
          0.21993003429720662,
          0.9071078077641564
        ],
        [
          0.026833214654601648,
          0.9982026429982277,
          -0.053586025447877654,
          0.08046671780219569
        ],
        [
          0.0,
          0.0,
          0.0,
          1.0
        ]
      ]
    },
    {
      "file_path": "low/23.JPG",
      "sharpness": 135.82534476515556,
      "transform_matrix": [
        [
          -0.2236489464336191,
          -0.04194832733787365,
          0.9737666489530915,
          3.644366403429058
        ],
        [
          0.974287403573042,
          -0.03760365886933265,
          0.2221486441069138,
          0.904323226697376
        ],
        [
          0.027298424844903656,
          0.9984118903006978,
          0.04927974561442438,
          0.08547413471440991
        ],
        [
          0.0,
          0.0,
          0.0,
          1.0
        ]
      ]
    },
    {
      "file_path": "low/25.JPG",
      "sharpness": 130.0633959836729,
      "transform_matrix": [
        [
          -0.129925171380811,
          0.04893344315513245,
          0.9903155901041327,
          3.787659311700851
        ],
        [
          0.9914586610804966,
          -0.005037016497781846,
          0.13032402630854814,
          0.5797483764131172
        ],
        [
          0.011365439298482423,
          0.9987893404649609,
          -0.047861050800924045,
          0.05175602767547539
        ],
        [
          0.0,
          0.0,
          0.0,
          1.0
        ]
      ]
    },
    {
      "file_path": "low/26.JPG",
      "sharpness": 135.97899388859733,
      "transform_matrix": [
        [
          -0.1161415966368725,
          -0.0762398076177511,
          0.9903022878322018,
          3.8740233861720808
        ],
        [
          0.993218847777892,
          -0.01417422379485603,
          0.1153924252218115,
          0.5631220318907123
        ],
        [
          0.005239269952834922,
          0.9969887577775717,
          0.07736903085953382,
          0.043063245520461264
        ],
        [
          0.0,
          0.0,
          0.0,
          1.0
        ]
      ]
    },
    {
      "file_path": "low/27.JPG",
      "sharpness": 135.00978937127823,
      "transform_matrix": [
        [
          -0.2502015425753123,
          -0.06645711101501293,
          0.9659102652467872,
          3.764264899943703
        ],
        [
          0.966777313572165,
          -0.0710938826087305,
          0.24553469371517478,
          1.051152822998195
        ],
        [
          0.05235278460975629,
          0.99525329051036,
          0.08203702635123385,
          0.0537685393164512
        ],
        [
          0.0,
          0.0,
          0.0,
          1.0
        ]
      ]
    },
    {
      "file_path": "low/28.JPG",
      "sharpness": 121.84466571662222,
      "transform_matrix": [
        [
          -0.26018007356661393,
          0.06276122515858365,
          0.9635182187982287,
          3.705468238292933
        ],
        [
          0.9647641928586859,
          -0.023611220360800926,
          0.26205450282489545,
          1.004446348915449
        ],
        [
          0.03919670264130538,
          0.9977492364869557,
          -0.05440661368247254,
          0.06741745381207935
        ],
        [
          0.0,
          0.0,
          0.0,
          1.0
        ]
      ]
    },
    {
      "file_path": "low/29.JPG",
      "sharpness": 145.42354128782222,
      "transform_matrix": [
        [
          -0.248525202448472,
          -0.13159541117887275,
          0.9596446589885529,
          3.681324726709589
        ],
        [
          0.9678320596707836,
          -0.07382688358023479,
          0.240521715307039,
          0.9936974304474081
        ],
        [
          0.03919602049426445,
          0.9885505748508935,
          0.14571009903238968,
          0.07367120303741838
        ],
        [
          0.0,
          0.0,
          0.0,
          1.0
        ]
      ]
    },
    {
      "file_path": "low/3.JPG",
      "sharpness": 121.28525864743825,
      "transform_matrix": [
        [
          -0.0903002533030434,
          0.00443243278063405,
          0.9959047232610647,
          4.092537541579187
        ],
        [
          0.9959085945544947,
          -0.00306703445335202,
          0.09031425464540056,
          0.22607572930105338
        ],
        [
          0.003454785961346505,
          0.9999854733244652,
          -0.004137343912991744,
          -0.008311204380090413
        ],
        [
          0.0,
          0.0,
          0.0,
          1.0
        ]
      ]
    },
    {
      "file_path": "low/30.JPG",
      "sharpness": 128.72963192308623,
      "transform_matrix": [
        [
          -0.25290876442778076,
          0.04039333395238859,
          0.9666465411247642,
          3.7065702534577007
        ],
        [
          0.9667189270102974,
          -0.029334482251782826,
          0.2541535054078153,
          0.9950375421611243
        ],
        [
          0.03862218322347975,
          0.9987531560620273,
          -0.031630052795394714,
          0.07632422299260162
        ],
        [
          0.0,
          0.0,
          0.0,
          1.0
        ]
      ]
    },
    {
      "file_path": "low/32.JPG",
      "sharpness": 125.18203692373334,
      "transform_matrix": [
        [
          -0.12140545272341334,
          -0.08116788578583835,
          0.9892787728374275,
          4.18551168822396
        ],
        [
          0.9925733551939986,
          -0.017630062622976818,
          0.12036326454047075,
          0.4840032660407197
        ],
        [
          0.007671415007673932,
          0.9965445074002509,
          0.08270546646273738,
          -0.018893762218100334
        ],
        [
          0.0,
          0.0,
          0.0,
          1.0
        ]
      ]
    },
    {
      "file_path": "low/33.JPG",
      "sharpness": 130.667580189696,
      "transform_matrix": [
        [
          -0.06568473429111162,
          -0.07791708540193006,
          0.9947936688098797,
          4.063475912232662
        ],
        [
          0.9978389600773124,
          -0.0034201743501826084,
          0.06561792559387288,
          0.2396248032829639
        ],
        [
          -0.0017103897226076784,
          0.9969539759841124,
          0.077973356713138,
          -0.0004899220023163498
        ],
        [
          0.0,
          0.0,
          0.0,
          1.0
        ]
      ]
    },
    {
      "file_path": "low/4.JPG",
      "sharpness": 110.05571072159289,
      "transform_matrix": [
        [
          -0.0868183646493322,
          0.09938964155123377,
          0.9912538881298671,
          4.102539340432503
        ],
        [
          0.9962212574162309,
          0.006260740894252747,
          0.08662568554118157,
          0.22124043671087473
        ],
        [
          0.002403712081066239,
          0.9950288952067772,
          -0.09955762096625087,
          -0.0005514948169607871
        ],
        [
          0.0,
          0.0,
          0.0,
          1.0
        ]
      ]
    },
    {
      "file_path": "low/5.JPG",
      "sharpness": 107.05115971982221,
      "transform_matrix": [
        [
          -0.016195308407350166,
          0.08804166076599956,
          0.9959851293949132,
          4.134447537792723
        ],
        [
          0.9998420126157033,
          0.008723935238165583,
          0.015486857736201898,
          0.05450526647553134
        ],
        [
          -0.007325421091875206,
          0.9960785907468201,
          -0.08816903811601387,
          0.004276703931185722
        ],
        [
          0.0,
          0.0,
          0.0,
          1.0
        ]
      ]
    },
    {
      "file_path": "low/6.JPG",
      "sharpness": 112.61858900818487,
      "transform_matrix": [
        [
          0.03433825790010689,
          0.09370396746206264,
          0.9950077640636282,
          4.11633394874351
        ],
        [
          0.9991391920133322,
          0.019968203262673737,
          -0.03636132342761122,
          -0.28917924278674106
        ],
        [
          -0.023275717548099463,
          0.9953998379349722,
          -0.09293763302505345,
          -0.0005176083225711438
        ],
        [
          0.0,
          0.0,
          0.0,
          1.0
        ]
      ]
    },
    {
      "file_path": "low/7.JPG",
      "sharpness": 124.26845102293329,
      "transform_matrix": [
        [
          0.033025912011072904,
          -0.01684116996986038,
          0.9993125958130067,
          4.105429435461258
        ],
        [
          0.999229503137889,
          0.02177081152180541,
          -0.03265626776731654,
          -0.2852889279162624
        ],
        [
          -0.021205876418760428,
          0.9996211316195582,
          0.01754719480697307,
          -0.008822773553323894
        ],
        [
          0.0,
          0.0,
          0.0,
          1.0
        ]
      ]
    },
    {
      "file_path": "low/8.JPG",
      "sharpness": 121.06910393170487,
      "transform_matrix": [
        [
          0.08218697842999277,
          -0.012995030023682358,
          0.9965322020847485,
          4.101363289460253
        ],
        [
          0.9960933232374262,
          0.03347955741098549,
          -0.08171420095299228,
          -0.44546419998491743
        ],
        [
          -0.0323015785768468,
          0.9993549161588552,
          0.015695846304642207,
          -0.009707968385355039
        ],
        [
          0.0,
          0.0,
          0.0,
          1.0
        ]
      ]
    },
    {
      "file_path": "low/9.JPG",
      "sharpness": 114.38342829565154,
      "transform_matrix": [
        [
          0.07320649821047753,
          0.11066011877188399,
          0.9911584872026261,
          4.117822829754148
        ],
        [
          0.9967060807688763,
          0.026656912888472526,
          -0.07659241185393952,
          -0.43562208168619815
        ],
        [
          -0.03489695084481262,
          0.9935007534618597,
          -0.10834415403287612,
          -0.013884379955098522
        ],
        [
          0.0,
          0.0,
          0.0,
          1.0
        ]
      ]
    }
  ]
}