{
  "camera_angle_x": 1.1925568639461923,
  "camera_angle_y": 0.9462364014189111,
  "fl_x": 368.3581875231954,
  "fl_y": 366.2861111168449,
  "k1": 0.014475660361264717,
  "k2": -0.016293509844401022,
  "p1": 0.0006991388394428935,
  "p2": 0.001638290377873781,
  "cx": 249.9489566809636,
  "cy": 187.20771454354224,
  "w": 500.0,
  "h": 375.0,
  "frames": [
    {
      "file_path": "Exposure_correction/HE/10.jpg",
      "sharpness": 914.875641983289,
      "transform_matrix": [
        [
          -0.2623070765641114,
          -0.024286506578305233,
          0.9646787875668574,
          3.615676632968863
        ],
        [
          0.9644481648087331,
          -0.039921979515883096,
          0.26123930207493656,
          1.3150090772263001
        ],
        [
          0.03216729676829624,
          0.998907603909695,
          0.0338948944365253,
          0.024716979094164173
        ],
        [
          0.0,
          0.0,
          0.0,
          1.0
        ]
      ]
    },
    {
      "file_path": "Exposure_correction/HE/11.jpg",
      "sharpness": 949.8483349183999,
      "transform_matrix": [
        [
          -0.3078516334710351,
          -0.0048796613451056944,
          0.9514218626210055,
          3.619459218573457
        ],
        [
          0.9507484112033909,
          -0.03954354630311457,
          0.3074309134423564,
          1.3152148710510219
        ],
        [
          0.036122435733734054,
          0.9992059331538136,
          0.016812875593721112,
          0.01750207174956363
        ],
        [
          0.0,
          0.0,
          0.0,
          1.0
        ]
      ]
    },
    {
      "file_path": "Exposure_correction/HE/12.jpg",
      "sharpness": 907.5323199043129,
      "transform_matrix": [
        [
          -0.3719518615579213,
          -0.0018699689662951939,
          0.9282501364925906,
          3.5397466741507286
        ],
        [
          0.9270031053679825,
          -0.052604577992626834,
          0.3713462010204695,
          1.5316784586034273
        ],
        [
          0.04813580083013111,
          0.9986136698389106,
          0.021299837749523747,
          0.028510130705851493
        ],
        [
          0.0,
          0.0,
          0.0,
          1.0
        ]
      ]
    },
    {
      "file_path": "Exposure_correction/HE/13.jpg",
      "sharpness": 921.8326173091556,
      "transform_matrix": [
        [
          -0.2661244981439454,
          0.008971906916287643,
          0.9638969116937607,
          3.7246173011384194
        ],
        [
          0.9626490803369099,
          -0.049233574462727685,
          0.2662382453219761,
          1.1612303378615887
        ],
        [
          0.049844755130852555,
          0.9987469950046219,
          0.004465462353893251,
          0.013702057825201607
        ],
        [
          0.0,
          0.0,
          0.0,
          1.0
        ]
      ]
    },
    {
      "file_path": "Exposure_correction/HE/14.jpg",
      "sharpness": 914.0813217654331,
      "transform_matrix": [
        [
          -0.2065214731466413,
          0.014392806781124683,
          0.9783362040940492,
          3.8727651046662666
        ],
        [
          0.9782484933168845,
          -0.01685126014870156,
          0.2067508654265966,
          0.9529176804632935
        ],
        [
          0.019461923145997335,
          0.9997544109146072,
          -0.010599594477949182,
          -0.01113363156545033
        ],
        [
          0.0,
          0.0,
          0.0,
          1.0
        ]
      ]
    },
    {
      "file_path": "Exposure_correction/HE/15.jpg",
      "sharpness": 882.4109409398327,
      "transform_matrix": [
        [
          -0.12920735344501943,
          0.008071050211130845,
          0.9915847507717502,
          3.995299570392936
        ],
        [
          0.991616122301935,
          -0.0006732482226138199,
          0.12921692121275966,
          0.7697008838427953
        ],
        [
          0.001710498930263979,
          0.9999672019042279,
          -0.007916394892210353,
          -0.02816586932306693
        ],
        [
          0.0,
          0.0,
          0.0,
          1.0
        ]
      ]
    },
    {
      "file_path": "Exposure_correction/HE/16.jpg",
      "sharpness": 883.9017617486222,
      "transform_matrix": [
        [
          -0.13013773215862348,
          -0.06245365716662377,
          0.9895270139687825,
          3.9877258360626873
        ],
        [
          0.9914959182851438,
          -0.008319297055824824,
          0.12987160321023344,
          0.7716089353018915
        ],
        [
          0.0001212125913979119,
          0.9980131912965184,
          0.06300520061468608,
          -0.02922907503073779
        ],
        [
          0.0,
          0.0,
          0.0,
          1.0
        ]
      ]
    },
    {
      "file_path": "Exposure_correction/HE/18.jpg",
      "sharpness": 886.4020711026917,
      "transform_matrix": [
        [
          -0.08741555575992761,
          0.03394224086062387,
          0.995593513887768,
          4.049893374657354
        ],
        [
          0.9961406747355168,
          0.010895675810214766,
          0.08709213733804173,
          0.6038513078301581
        ],
        [
          -0.007891561863479323,
          0.9993644022741898,
          -0.034763698269267264,
          -0.0242991618578654
        ],
        [
          0.0,
          0.0,
          0.0,
          1.0
        ]
      ]
    },
    {
      "file_path": "Exposure_correction/HE/19.jpg",
      "sharpness": 901.3905151549441,
      "transform_matrix": [
        [
          -0.08238334100655112,
          0.031366069946765725,
          0.9961069996639637,
          4.091523054110254
        ],
        [
          0.99656062024825,
          0.011558334613529222,
          0.08205690142446728,
          0.41981275732674006
        ],
        [
          -0.008939535503300025,
          0.9994411311107361,
          -0.03221040434283311,
          -0.024508236731112906
        ],
        [
          0.0,
          0.0,
          0.0,
          1.0
        ]
      ]
    },
    {
      "file_path": "Exposure_correction/HE/2.jpg",
      "sharpness": 1016.6810660768427,
      "transform_matrix": [
        [
          -0.028004658490387187,
          -0.0031085041327597734,
          0.9996029593312257,
          3.727732993755621
        ],
        [
          0.9994912105529917,
          0.015185113726089805,
          0.028048749498705564,
          0.26417470601643356
        ],
        [
          -0.015266274272116048,
          0.9998798675451134,
          0.002681668634624146,
          0.0507195776499995
        ],
        [
          0.0,
          0.0,
          0.0,
          1.0
        ]
      ]
    },
    {
      "file_path": "Exposure_correction/HE/20.jpg",
      "sharpness": 977.5277493094115,
      "transform_matrix": [
        [
          -0.008007510755846978,
          0.029791888948086858,
          0.9995240482966133,
          4.1040716733989715
        ],
        [
          0.9997024830740237,
          0.023268656209513298,
          0.007315392937818979,
          -0.0706674599254564
        ],
        [
          -0.02303964207893974,
          0.9992852510619578,
          -0.029969349371739836,
          -0.011399432419534191
        ],
        [
          0.0,
          0.0,
          0.0,
          1.0
        ]
      ]
    },
    {
      "file_path": "Exposure_correction/HE/21.jpg",
      "sharpness": 963.5074146286646,
      "transform_matrix": [
        [
          -0.03842745644041017,
          0.03229699263871265,
          0.9987393227749002,
          3.645926066208746
        ],
        [
          0.9992272948102713,
          0.00949868360907677,
          0.038139065482022706,
          0.22990759854671697
        ],
        [
          -0.008254931717862108,
          0.9994331789944941,
          -0.03263704683551717,
          0.07037580557404116
        ],
        [
          0.0,
          0.0,
          0.0,
          1.0
        ]
      ]
    },
    {
      "file_path": "Exposure_correction/HE/22.jpg",
      "sharpness": 941.1210060024891,
      "transform_matrix": [
        [
          -0.04622321782684149,
          -0.08068310980216953,
          0.9956674394220363,
          3.807737165791373
        ],
        [
          0.9989041163728,
          0.0035976461752778304,
          0.04666501082688881,
          0.23162349910983124
        ],
        [
          -0.007347137347750658,
          0.9967333107373804,
          0.08042839572032189,
          0.030052738400529244
        ],
        [
          0.0,
          0.0,
          0.0,
          1.0
        ]
      ]
    },
    {
      "file_path": "Exposure_correction/HE/23.jpg",
      "sharpness": 952.7372746643628,
      "transform_matrix": [
        [
          -0.050029012594796175,
          0.03985501392031388,
          0.9979522412235229,
          3.923260081406626
        ],
        [
          0.9987142413714231,
          0.010183103793922716,
          0.049660532407789164,
          0.28750663687387124
        ],
        [
          -0.008183030043354292,
          0.9991535829197554,
          -0.040313220620234125,
          0.015965964061328605
        ],
        [
          0.0,
          0.0,
          0.0,
          1.0
        ]
      ]
    },
    {
      "file_path": "Exposure_correction/HE/25.jpg",
      "sharpness": 882.3307451704886,
      "transform_matrix": [
        [
          -0.13175934648415705,
          0.04392409617426225,
          0.9903081078069556,
          4.292648298315689
        ],
        [
          0.9912814475173649,
          0.005079824935922957,
          0.13166353780184578,
          0.46353319598800385
        ],
        [
          0.0007526100767674456,
          0.9990219562916249,
          -0.044210456050325836,
          -0.06985988939155556
        ],
        [
          0.0,
          0.0,
          0.0,
          1.0
        ]
      ]
    },
    {
      "file_path": "Exposure_correction/HE/26.jpg",
      "sharpness": 873.106535273216,
      "transform_matrix": [
        [
          -0.14255883372418565,
          0.04444056994214028,
          0.9887881545959519,
          4.274167118405614
        ],
        [
          0.9897830139939479,
          0.003814865109905728,
          0.14253081075069246,
          0.602792263731518
        ],
        [
          0.0025620570320199474,
          0.9990047460078766,
          -0.04453036398182375,
          -0.07205836752753765
        ],
        [
          0.0,
          0.0,
          0.0,
          1.0
        ]
      ]
    },
    {
      "file_path": "Exposure_correction/HE/27.jpg",
      "sharpness": 838.8974690507662,
      "transform_matrix": [
        [
          -0.2156561129706223,
          0.04643024451122982,
          0.9753648924027768,
          4.22887238399668
        ],
        [
          0.9763107112353367,
          -0.007753353214697606,
          0.21623431883278682,
          0.8198183430211067
        ],
        [
          0.017602160819139786,
          0.9988914445060616,
          -0.043658287024819456,
          -0.07373898265245217
        ],
        [
          0.0,
          0.0,
          0.0,
          1.0
        ]
      ]
    },
    {
      "file_path": "Exposure_correction/HE/28.jpg",
      "sharpness": 862.0501590053262,
      "transform_matrix": [
        [
          -0.29553000627314063,
          0.05292554803225723,
          0.9538662913409476,
          4.115665468954486
        ],
        [
          0.9547677175378562,
          -0.01799422952826424,
          0.2968077041642229,
          1.105197720962868
        ],
        [
          0.032872799388750776,
          0.9984363244934654,
          -0.045213769928830194,
          -0.06887557152942718
        ],
        [
          0.0,
          0.0,
          0.0,
          1.0
        ]
      ]
    },
    {
      "file_path": "Exposure_correction/HE/29.jpg",
      "sharpness": 866.2226098885973,
      "transform_matrix": [
        [
          -0.34279868143741177,
          0.052228395232002,
          0.9379558938111708,
          4.059511031370145
        ],
        [
          0.9384413473469425,
          -0.026265255779481085,
          0.34443863594041507,
          1.3755561390192108
        ],
        [
          0.04262512867188989,
          0.9982897029766356,
          -0.04000959054246617,
          -0.05938478094677653
        ],
        [
          0.0,
          0.0,
          0.0,
          1.0
        ]
      ]
    },
    {
      "file_path": "Exposure_correction/HE/3.jpg",
      "sharpness": 1027.4354445682916,
      "transform_matrix": [
        [
          0.002700096296397228,
          0.015026151504379746,
          0.9998834553335745,
          3.7972607975823602
        ],
        [
          0.9998610156745311,
          0.01640934744766034,
          -0.0029466337806302307,
          -0.03138725451801558
        ],
        [
          -0.016451711591351465,
          0.9997524434009455,
          -0.01497975628657886,
          0.048870411305610546
        ],
        [
          0.0,
          0.0,
          0.0,
          1.0
        ]
      ]
    },
    {
      "file_path": "Exposure_correction/HE/30.jpg",
      "sharpness": 941.0068236806825,
      "transform_matrix": [
        [
          0.007993423007117412,
          0.02291241663659481,
          0.9997055198163862,
          4.394483819478842
        ],
        [
          0.9998598683241627,
          0.014522277076118301,
          -0.008327495620683125,
          -0.4690374943256792
        ],
        [
          -0.014708803602498946,
          0.9996319946016368,
          -0.022793123177558123,
          -0.049788741644981725
        ],
        [
          0.0,
          0.0,
          0.0,
          1.0
        ]
      ]
    },
    {
      "file_path": "Exposure_correction/HE/31.jpg",
      "sharpness": 945.0850768526221,
      "transform_matrix": [
        [
          0.007412629177171278,
          -0.06036207758612249,
          0.9981490232009544,
          4.383687208294271
        ],
        [
          0.9998793202599051,
          0.014075649795905006,
          -0.0065742679754543865,
          -0.4722163994968571
        ],
        [
          -0.013652759621094959,
          0.9980772994468718,
          0.06045913067865253,
          -0.05381840541391285
        ],
        [
          0.0,
          0.0,
          0.0,
          1.0
        ]
      ]
    },
    {
      "file_path": "Exposure_correction/HE/32.jpg",
      "sharpness": 968.460610687289,
      "transform_matrix": [
        [
          -0.016147021625190817,
          -0.02576397866392186,
          0.9995376386584406,
          3.7886302311832902
        ],
        [
          0.99979911619577,
          0.011455950616035021,
          0.016446533058387242,
          0.0558249640427335
        ],
        [
          -0.01187438195415113,
          0.9996024102600687,
          0.025573823615541436,
          0.04062836800431055
        ],
        [
          0.0,
          0.0,
          0.0,
          1.0
        ]
      ]
    },
    {
      "file_path": "Exposure_correction/HE/33.jpg",
      "sharpness": 977.5222853976461,
      "transform_matrix": [
        [
          -0.03417867469088452,
          0.05824383087766967,
          0.9977171314355182,
          3.8844631024197542
        ],
        [
          0.9993368723320045,
          0.01453292176698336,
          0.03338577215824012,
          0.08420976722287327
        ],
        [
          -0.012555229749426489,
          0.9981965990467304,
          -0.0587019237873065,
          0.028858259449198738
        ],
        [
          0.0,
          0.0,
          0.0,
          1.0
        ]
      ]
    },
    {
      "file_path": "Exposure_correction/HE/34.jpg",
      "sharpness": 931.6773202790121,
      "transform_matrix": [
        [
          -0.06197202865528765,
          -0.062167205115274314,
          0.9961399029611023,
          4.030876766141589
        ],
        [
          0.9980565990533649,
          0.0026585533971684207,
          0.06225718576891458,
          0.05563139026728849
        ],
        [
          -0.006518646360668105,
          0.9980622078311756,
          0.061881633362692624,
          0.0968460089884256
        ],
        [
          0.0,
          0.0,
          0.0,
          1.0
        ]
      ]
    },
    {
      "file_path": "Exposure_correction/HE/35.jpg",
      "sharpness": 944.1959337784888,
      "transform_matrix": [
        [
          0.005694588936375204,
          -0.06123995303707641,
          0.9981068278534684,
          4.029008030727912
        ],
        [
          0.9998318175137844,
          0.017749216835434376,
          -0.004615407762231229,
          0.057497901638925084
        ],
        [
          -0.017432967157892786,
          0.9979652466156307,
          0.06133072804333922,
          0.10538457335539296
        ],
        [
          0.0,
          0.0,
          0.0,
          1.0
        ]
      ]
    },
    {
      "file_path": "Exposure_correction/HE/36.jpg",
      "sharpness": 1024.1049323807574,
      "transform_matrix": [
        [
          0.02647432163718718,
          -0.06502579108712797,
          0.9975323337046248,
          3.723145637573877
        ],
        [
          0.9994776657305176,
          0.02022296790697736,
          -0.025207682854827208,
          -0.2815802968451392
        ],
        [
          -0.018533914851572287,
          0.9976786446854408,
          0.06552721524487069,
          0.17571288600274151
        ],
        [
          0.0,
          0.0,
          0.0,
          1.0
        ]
      ]
    },
    {
      "file_path": "Exposure_correction/HE/37.jpg",
      "sharpness": 947.4477141411555,
      "transform_matrix": [
        [
          -0.011530918341409159,
          0.019065920526404583,
          0.9997517334796351,
          3.8894335855699453
        ],
        [
          0.9998445382992992,
          0.01355761298967225,
          0.011273436170206989,
          0.0015867321573783996
        ],
        [
          -0.01333930865019019,
          0.9997263034467755,
          -0.019219288234262524,
          0.1392477783440178
        ],
        [
          0.0,
          0.0,
          0.0,
          1.0
        ]
      ]
    },
    {
      "file_path": "Exposure_correction/HE/38.jpg",
      "sharpness": 909.1106614560997,
      "transform_matrix": [
        [
          -0.0026851689914058558,
          -0.09390508196330973,
          0.9955775336194578,
          4.164550398267919
        ],
        [
          0.9999072853934442,
          0.013038478414525996,
          0.00392666496499969,
          0.05978679958768495
        ],
        [
          -0.01334954997746508,
          0.995495772799136,
          0.09386136507264804,
          0.11360747786082279
        ],
        [
          0.0,
          0.0,
          0.0,
          1.0
        ]
      ]
    },
    {
      "file_path": "Exposure_correction/HE/4.jpg",
      "sharpness": 967.6947093315127,
      "transform_matrix": [
        [
          -0.028860713512235715,
          0.016148902920291117,
          0.9994529864625382,
          3.9679802341449957
        ],
        [
          0.9995114257336247,
          0.012468373187721433,
          0.028660940284446046,
          -0.015437351146159016
        ],
        [
          -0.011998710076539843,
          0.9997918546394413,
          -0.0165008591284286,
          0.00905969268284899
        ],
        [
          0.0,
          0.0,
          0.0,
          1.0
        ]
      ]
    },
    {
      "file_path": "Exposure_correction/HE/40.jpg",
      "sharpness": 875.523125307733,
      "transform_matrix": [
        [
          -0.1519995618594068,
          0.024917760876246395,
          0.9880664139552124,
          4.077225129485003
        ],
        [
          0.9883552366994083,
          -0.0033242438938148747,
          0.1521278261574493,
          0.7342813186271168
        ],
        [
          0.007075258538088689,
          0.999683977361996,
          -0.024122315833488155,
          0.10481029661279405
        ],
        [
          0.0,
          0.0,
          0.0,
          1.0
        ]
      ]
    },
    {
      "file_path": "Exposure_correction/HE/5.jpg",
      "sharpness": 978.6547381155552,
      "transform_matrix": [
        [
          -0.042684077324989175,
          -0.0846170715558424,
          0.9954988803324084,
          3.9546605780670516
        ],
        [
          0.9990636738791849,
          0.0034261486966592333,
          0.04312814672732636,
          -0.02140658473994299
        ],
        [
          -0.007060104669073648,
          0.9964076538773038,
          0.08439160038558262,
          0.006726368972877456
        ],
        [
          0.0,
          0.0,
          0.0,
          1.0
        ]
      ]
    },
    {
      "file_path": "Exposure_correction/HE/6.jpg",
      "sharpness": 970.2743626643626,
      "transform_matrix": [
        [
          -0.028581925012715597,
          0.03319582176635751,
          0.9990400947803219,
          3.9689086116236454
        ],
        [
          0.9994835046890381,
          0.01563702851798822,
          0.028075027936680843,
          -0.014773218066468754
        ],
        [
          -0.014690044829221982,
          0.9993265335991208,
          -0.03362561265659455,
          0.014898557690847913
        ],
        [
          0.0,
          0.0,
          0.0,
          1.0
        ]
      ]
    },
    {
      "file_path": "Exposure_correction/HE/7.jpg",
      "sharpness": 990.3222329592891,
      "transform_matrix": [
        [
          -0.05658245944513309,
          -0.04140270832477459,
          0.9975390924797707,
          3.760038104325936
        ],
        [
          0.9983349055123463,
          0.008879976883606089,
          0.056996161679549344,
          0.2691717660354159
        ],
        [
          -0.011217919539363831,
          0.9991030786424248,
          0.04083131797147864,
          0.03462480843045059
        ],
        [
          0.0,
          0.0,
          0.0,
          1.0
        ]
      ]
    },
    {
      "file_path": "Exposure_correction/HE/8.jpg",
      "sharpness": 960.7753817650914,
      "transform_matrix": [
        [
          -0.1022757084816652,
          -0.03313322488963955,
          0.9942041384252214,
          3.7328559882194514
        ],
        [
          0.9947498872808425,
          -0.006936131872270059,
          0.10210069455886067,
          0.5246483001331955
        ],
        [
          0.00351300573786685,
          0.9994268755051134,
          0.033668669525578364,
          0.03694555871477742
        ],
        [
          0.0,
          0.0,
          0.0,
          1.0
        ]
      ]
    },
    {
      "file_path": "Exposure_correction/HE/9.jpg",
      "sharpness": 959.959717298489,
      "transform_matrix": [
        [
          -0.232429223340259,
          -0.02456926783992512,
          0.9723029400418908,
          3.5642375895949776
        ],
        [
          0.972252144393208,
          -0.033110093714156234,
          0.23158041673908505,
          1.0125654792516583
        ],
        [
          0.026503280177992587,
          0.9991496748590283,
          0.03158327671024275,
          0.04590769641556781
        ],
        [
          0.0,
          0.0,
          0.0,
          1.0
        ]
      ]
    }
  ]
}